{"currentRun":8,"test":{"runs":[100,100,100,100,100,100,100,100,100,100,100,100,100,100],"outcomes":[206.276,68.138,91.285,104.829,156.762,211.872,122,122,174,88.916]}}

Mean:139.68467
SD:50.51789
